# Following are the Patient ids/ subject ids for which at least there is one recording (___n file) where we have all 6 signals recorded
# and some overlapping between recording time and ICU stay time:

subject_ids:

81193
98769
98930
98932
98944
59864
41958
24810
26502
40013
40083
40084
40161
40227
40236
40241
40305
40435
40472
40706
40724
40831
40833
40850
40882
40900
41022
41107
41163
41194
41217
41266
41405
41546
41588
41589
41619
41782
41783
41844
41929
42049
42075
42184
42210
42255
42311
42327
42364
42396
42397
42438
42477
42501
42509
42530
42590
42621
42800
42904
43209
43220
43392
43447
43450
43559
43563
43601
43738
43770
43837
43975
44018
44036
44059
44115
44164
44255
44319
44514
44534
44600
44633
44781
44788
44789
44807
44829
44976
45138
45152
45300
45320
45329
45346
45431
45531
45703
45774
45805
45918
45974
46116
46156
46208
46217
46252
46254
46287
46415
46550
46695
46723
46728
46744
46851
46858
46884
46927
46950
46968
47058
47146
47453
47543
47547
47613
47698
47733
47758
47967
47995
48006
48118
48149
48239
48267
48327
48351
48391
48397
48480
48580
48656
48688
48690
48707
48730
48736
48774
48936
48946
49023
49024
49038
49304
49311
49520
49545
49583
49604
49613
49632
49649
49780
49881
49970
50050
50089
50094
50100
50182
50217
50302
50387
50417
50447
50561
50579
50729
50847
50877
50880
51013
51082
51121
51188
51202
51259
51301
51358
51374
51459
51482
51515
51519
51597
51793
51858
51871
52011
52039
52146
52191
52238
52363
52436
52503
52529
52556
52695
52710
52740
52766
52816
52846
52875
52897
52900
53036
53102
53149
53247
53282
53283
53342
53404
53419
53425
53435
53462
53514
53567
53594
53612
53632
53639
53707
53865
54005
54020
54088
54120
54147
54154
54183
54197
54385
54420
54826
54911
54968
54987
55030
55090
55122
55363
55423
55446
55512
55545
55585
55638
55657
55679
55716
55772
55849
56038
56130
56243
56319
56333
56364
56583
56634
56740
56746
56947
57023
57130
57199
57220
57276
57283
57449
57562
57568
57585
57619
57686
57774
57815
57886
57935
57968
58128
58135
58187
58205
58327
58337
58356
58431
58449
58483
58586
58662
58917
58967
58984
59085
59102
59201
59267
59268
59381
59447
59469
59546
59701
59785
59828
59907
59964
59991
60038
60104
60122
60169
60262
60294
60295
60303
60393
60432
60614
60747
60749
60767
60782
60783
60892
60961
60994
61003
61024
61030
61041
61053
61207
61316
61472
61519
61619
61742
61823
61828
61877
61898
61959
62004
62033
62087
62215
62248
62305
62323
62530
62561
62586
62608
62681
62824
62835
62965
63074
63116
63431
63453
63467
63486
63531
63541
63559
63710
63741
63834
63944
63987
64099
64120
64136
64192
64253
64287
64336
64361
64538
64663
64717
64719
64771
64798
64830
64916
64925
64927
64965
64970
64996
65006
65180
65268
65411
65476
65565
65634
65675
65760
65787
65843
65871
65951
65999
66067
66083
66105
66152
66206
66228
66412
66483
66507
66534
66560
66696
66765
66770
66772
66880
66894
66965
67245
67415
67418
67468
67533
67620
67659
67684
67763
67976
67996
68065
68126
68268
68425
68426
68450
68453
68475
68533
68534
68611
68624
68685
68710
68738
68919
69006
69011
69027
69039
69047
69082
69157
69162
69170
69272
69296
69343
69344
69370
69388
69396
69407
69626
69684
69709
69903
69905
70223
70329
70330
70393
70420
70427
70496
70505
70514
70705
70714
70755
70794
70884
70906
71059
71191
71206
71230
71243
71277
71365
71405
71473
71477
71514
71596
71793
71848
71862
71924
71951
72000
72172
72189
72196
72327
72377
72408
72424
72439
72455
72530
72555
72562
72627
72634
72644
72667
72778
72819
72883
72914
72999
73015
73124
73243
73299
73397
73429
73608
73661
73673
73684
73693
73722
73770
73833
73893
73946
74032
74188
74252
74443
74486
74546
74683
74701
74727
74763
74798
74820
74851
74866
74899
74913
74937
75013
75107
75138
75142
75244
75347
75350
75354
75371
75626
75759
75856
76178
76265
76333
76372
76568
76646
76709
76717
76841
76896
76925
76945
77070
77131
77177
77524
77686
77691
77794
77804
77815
77836
77873
77875
77951
77975
77988
78009
78023
78076
78117
78143
78234
78251
78342
78346
78356
78366
78368
78416
78424
78431
78473
78474
78515
78517
78615
78840
78876
78956
78988
79051
79075
79184
79228
79297
79308
79352
79372
79422
79532
79655
79664
79671
79875
80108
80132
80134
80350
80410
80497
80536
80580
80602
80606
80644
80671
80678
80688
80726
80737
80744
80779
80847
80885
81007
81103
81215
81242
81378
81449
81475
81480
81593
81633
81750
81849
81918
81978
81980
82000
82015
82038
82055
82065
82091
82132
82178
82257
82258
82360
82418
82432
82434
82462
82641
82694
82746
82831
82938
82950
82973
83013
83182
83203
83263
83300
83338
83383
83406
83599
83608
83617
83653
83752
83817
83857
83860
83908
83981
84020
84063
84078
84187
84223
84297
84468
84479
84531
84669
84717
84721
84749
84766
84854
84909
84912
84970
85042
85202
85235
85352
85401
85421
85457
85535
85541
85575
85639
85655
85658
85698
85725
85730
85755
85889
85892
85895
85901
85976
86068
86078
86108
86144
86165
86176
86220
86300
86392
86531
86590
86645
86678
86692
86846
86942
86984
87082
87119
87336
87344
87474
87481
87552
87577
87608
87754
87803
87858
87913
87962
87965
87969
88111
88146
88152
88174
88180
88224
88308
88312
88356
88466
88503
88514
88552
88731
88740
88747
88764
88809
88883
88907
88953
88994
89002
89026
89091
89180
89223
89292
89303
89336
89356
89502
89544
89688
89697
89760
89797
89901
89906
89909
89973
90142
90158
90208
90310
90398
90544
90560
90814
90843
90846
90903
90917
90959
91018
91158
91169
91309
91383
91459
91470
91531
91579
91581
91614
91635
91694
91853
91872
91904
92203
92252
92283
92292
92415
92455
92464
92578
92585
92651
92982
93011
93031
93088
93142
93206
93392
93528
93557
93566
93640
93836
93840
93898
93982
94024
94162
94216
94256
94300
94491
94689
94696
94757
94794
95088
95090
95157
95235
95288
95354
95530
95603
95632
95688
95839
95892
95893
95948
95951
95957
96008
96049
96171
96261
96305
96324
96336
96643
96760
96772
96785
96825
96833
96920
96922
96977
97028
97048
97061
97158
97237
97243
97273
97291
97301
97333
97382
97422
97441
97660
97733
97738
97801
97813
97976
98003
98006
98046
98169
98187
98226
98276
98280
98347
98382
98390
98514
98525
98564
98582
98647
98759
98948
98994
99008
99067
99229
99364
99366
99389
99544
99556
99666
99669
99707
99715
42930
55365
45170
91591
72203
64450
69537
55689
71213
46305
84629
44532
51327
64047
64083
68439
73156
57171
77312
54822
88471
42525
82130
68464
46651
30582
46551
32797
40057
40133
40425
40463
40566
40569
40723
40811
40828
40867
40934
40950
40999
41013
41050
41061
41322
41343
41359
41447
41710
41823
59585
41981
42021
42093
42130
42609
42696
42795
42819
42875
42937
43115
43484
43571
43585
43613
43671
43691
43798
43827
44126
44207
44248
44597
44715
44735
44799
44827
44870
44929
45040
45132
45249
45492
45580
45583
45608
45657
45719
45770
45843
46092
46154
46201
46223
46242
46446
46566
46792
46923
46938
47046
47084
47132
47157
47203
47275
47287
47319
47673
47814
47978
47980
47989
48038
48212
48238
48414
48536
48647
48732
48895
48958
49138
49140
49261
49367
49513
49544
49555
49650
49984
50006
50034
50161
50201
50273
50336
50532
50576
50634
50664
50721
50767
50793
50899
51072
51321
51660
51687
51724
51790
51795
51890
51951
51964
51986
52087
52462
52530
52550
52593
52693
53015
53191
53238
53252
53348
53833
53978
54132
54305
54397
54444
54470
54585
54940
54969
55094
55263
55523
55563
55601
55659
55669
55725
55729
55730
55781
55853
56069
56204
56549
56593
56751
56802
56878
57093
57208
57239
57314
57489
57752
58099
58155
58237
58238
58271
64839
58371
58590
58672
58812
58991
59076
59101
59364
59703
59762
60181
60207
60353
60355
60403
60409
60531
60641
60735
60983
61568
61656
61928
61984
62160
62232
62254
62259
62268
62298
62415
62447
62497
62539
62674
62722
62791
62829
62917
62974
63063
63201
63226
63402
63403
63456
63525
63598
63621
63646
63762
63865
63890
64008
64024
64150
64188
64282
64332
64485
64558
64601
64785
64952
65013
65072
65192
65240
65247
65263
65393
65484
65611
65689
65728
65743
65837
65854
65890
66031
66320
66346
66383
66437
66496
66572
70723
66603
66682
66727
66859
66936
66955
67050
67058
67223
67344
67475
67583
67639
67718
67735
67939
68116
68542
68655
68673
68703
68744
68789
68824
68870
68915
68947
68964
68980
68991
69182
69215
69233
69351
69435
69464
69483
69522
69559
69693
69778
69943
70100
70313
70592
70763
70786
70807
71262
71375
71414
71527
71533
71702
71869
72143
72269
72282
72308
72541
72739
72790
72885
73118
73200
73242
73265
73376
73471
73477
73521
73645
73979
74215
74220
74260
74410
74418
74496
74610
74696
74711
74755
74955
74967
74976
75051
75170
75514
75576
75638
75670
75793
75830
75838
75883
75894
75919
76116
76318
76410
76670
76876
76899
76930
76974
77010
77203
77227
77310
77543
77617
77689
77826
78195
78308
78506
78879
79081
79089
79285
79523
79575
79619
79762
80059
80105
80156
80472
80559
80826
81037
81099
81150
81258
81334
81371
81410
81519
81818
81939
81990
82035
82127
82187
82209
82235
82245
82291
82299
82433
82466
82494
82520
82545
82765
83065
83122
83124
83206
83224
83225
83393
83464
83561
83749
83794
83873
83892
83947
83968
84120
84473
84495
84750
84826
84837
84842
84938
85039
85079
85181
85293
85375
85493
85562
85620
99038
85980
86191
86210
86254
86355
86359
86383
86556
86570
86585
86976
87018
87049
87196
87216
87247
87310
87325
87640
87936
87978
88025
88186
88206
88236
88265
88309
88325
88531
88691
88734
88774
88851
88937
89012
89291
89316
89404
89415
89437
89488
89563
89579
89689
89714
89717
89734
89802
89914
90012
90032
90061
90151
90269
90362
90605
90607
90648
90700
90944
90972
91004
91038
91136
91149
91295
91299
91350
91558
91712
91802
91841
91907
91978
92055
92057
92247
92317
92381
92425
92525
92685
92700
92703
92777
92839
92846
92969
93025
93054
93062
93123
93462
93472
93504
93518
93550
93567
94009
95517
94084
94105
94147
94220
94636
94669
94673
94726
94768
94820
94837
94987
94991
95674
96006
96264
96333
96338
96350
96631
96729
96747
96791
96843
96924
96928
96937
97339
97380
97529
97543
97545
97577
97591
97828
97932
98174
98253
98434
98669
99011
99111
99286
99412
99510
99599
99863
99883
50385
49191
81797
43150
43274
43296
49868
52234
52264
70740
72083
76066
76090
81050
81583
84726
93578
93587
93637
93653
93717
93755
93833
95118
95864
99776
99781
99785
99796
99873
99894
99982